// URL: https://atcoder.jp/contests/code-formula-2014-final/submissions/12864775
// Date: Tue, 05 May 2020 13:45:10 +0000
// Language: Text (cat)
1 299
2 598
3 897
4 1196
5 1495
306 294
307 593
308 892
309 1191
310 1490
611 289
612 588
613 887
614 1186
615 1485
916 284
917 583
918 882
919 1181
920 1480
1221 279
1222 578
1223 877
1224 1176
1225 1475
1474 1226
1473 927
1472 628
1471 329
1470 30
1169 1231
1168 932
1167 633
1166 334
1165 35
864 1236
863 937
862 638
861 339
860 40
559 1241
558 942
557 643
556 344
555 45
254 1246
253 947
252 648
251 349
250 50
249 249
248 548
247 847
246 1146
245 1445
544 244
543 543
542 842
541 1141
540 1440
839 239
838 538
837 837
836 1136
835 1435
1134 234
1133 533
1132 832
1131 1131
1130 1430
1429 229
1428 528
1427 827
1426 1126
1425 1425
1276 1276
1277 977
1278 678
1279 379
1280 80
981 1281
982 982
983 683
984 384
985 85
686 1286
687 987
688 688
689 389
690 90
391 1291
392 992
393 693
394 394
395 95
96 1296
97 997
98 698
99 399
100 100
